000 09638 03
001 04983 04
002 03047 07
003 05520 04
004 09516 03
005 09174 04
006 06947 03
007 01024 01
008 01250 05
009 08399 09
010 09309 04
011 01645 01
012 01948 03
013 01483 07
014 09323 05
015 09855 09
016 09351 00
017 09231 05
018 08735 00
019 07219 06
020 08322 03
021 05711 04
022 07649 01
023 07443 05
024 01597 09
025 06324 04
026 08944 03
027 05168 08
028 04115 03
029 06755 03
030 02710 08
031 02397 00
032 05316 09
033 05393 00
034 02181 08
035 06170 07
036 02872 00
037 04772 02
038 01484 08
039 09355 00
040 08991 06
041 05857 06
042 04582 03
043 02694 00
044 07610 01
045 03069 08
046 08928 08
047 01379 01
048 08963 06
049 02162 09
050 02252 02
051 02582 08
052 03081 09
053 07515 06
054 09503 00
055 08517 01
056 06417 03
057 01295 08
058 08267 01
059 04500 06
060 03373 04
061 05195 07
062 04905 05
063 07478 04
064 07151 05
065 07882 08
066 09842 03
067 06398 02
068 07752 08
069 02292 05
070 04651 07
071 09617 00
072 08052 04
073 06870 01
074 04836 01
075 04129 05
076 08875 06
077 03378 01
078 07769 04
079 08582 04
080 03364 00
081 05257 09
082 07861 04
083 08998 09
084 06502 04
085 04801 06
086 03033 02
087 05089 06
088 06263 06
089 08339 06
090 02328 00
091 02176 06
092 04661 07
093 05917 09
094 06344 05
095 01218 05
096 04831 02
097 03848 03
098 10000 00
099 07304 02
100 03135 00
101 01522 08
102 09391 06
103 05253 02
104 08504 05
105 07687 02
106 08929 04
107 04904 02
108 05352 08
109 08889 07
110 08189 00
111 09404 02
112 06516 09
113 04710 09
114 05097 00
115 06885 06
116 06987 01
117 04335 06
118 04952 01
119 03965 02
120 06049 02
121 09093 05
122 04383 04
123 02435 02
124 07687 03
125 09431 09
126 02364 04
127 07894 08
128 04020 08
129 06330 05
130 07487 03
131 02153 01
132 02556 08
133 04720 04
134 07946 09
135 01899 09
136 05140 02
137 09906 01
138 05922 05
139 07258 03
140 04599 06
141 01417 04
142 09391 07
143 05778 06
144 04784 04
145 07333 07
146 06258 06
147 02547 05
148 05909 00
149 06257 09
150 09756 09
151 08783 04
152 02016 06
153 03418 02
154 04897 02
155 02481 00
156 03167 04
157 06394 00
158 05079 01
159 08838 09
160 05214 01
161 05002 08
162 06591 09
163 01220 07
164 08621 07
165 07288 03
166 07503 08
167 03271 00
168 06692 05
169 07392 05
170 02168 04
171 02019 09
172 05642 05
173 07828 09
174 01518 02
175 01518 06
176 06705 07
177 01073 06
178 05939 02
179 06729 08
180 01640 03
181 04871 07
182 02020 02
183 08596 07
184 08636 04
185 08300 09
186 06796 02
187 06074 06
188 08666 05
189 04092 08
190 04435 06
191 08787 03
192 02065 02
193 05369 02
194 02088 08
195 05433 05
196 08983 05
197 02805 06
198 01315 05
199 07714 00
